t dt u
0  0.004042  0.904446
1  0.003956  0.908780
2  0.003890  0.692992
3  0.003860  0.146974
4  0.003851  -0.042603
5  0.003761  -0.135809
6  0.003715  -0.202441
7  0.003704  -0.261650
8  0.003663  -0.303767
9  0.003621  -0.341553
10  0.003588  -0.376927
11  0.003606  -0.415686
12  0.003572  -0.411979
13  0.003539  -0.363307
14  0.003578  -0.288732
15  0.003584  -0.246458
16  0.003687  -0.218582
17  0.003644  -0.199543
18  0.003650  -0.187158
19  0.003950  -0.172131
20  0.004030  -0.171439
21  0.004078  -0.174382
22  0.004046  -0.168308
23  0.004131  -0.154065
24  0.004065  -0.141795
25  0.004078  -0.135373
26  0.004111  -0.130044
27  0.004047  -0.126777
28  0.004067  -0.124726
29  0.004076  -0.124500
30  0.004037  -0.119187
31  0.004061  -0.117107
32  0.003995  -0.115743
33  0.003983  -0.114625
34  0.003977  -0.113246
35  0.004066  -0.111427
36  0.004055  -0.111230
37  0.004027  -0.110456
38  0.004085  -0.109608
39  0.004039  -0.108316
40  0.004088  -0.106480
41  0.004024  -0.105314
42  0.004008  -0.104159
43  0.004098  -0.102587
44  0.004032  -0.102151
45  0.004009  -0.101286
46  0.004007  -0.100054
47  0.004029  -0.099087
48  0.003997  -0.097837
49  0.003999  -0.096868
50  0.003971  -0.095835
51  0.003963  -0.094967
52  0.003905  -0.094173
53  0.003896  -0.093503
54  0.003900  -0.092884
55  0.003972  -0.092604
56  0.003999  -0.092501
57  0.004046  -0.092004
58  0.003972  -0.091317
59  0.003964  -0.090374
60  0.004060  -0.089204
61  0.004017  -0.088755
62  0.004020  -0.088290
63  0.004079  -0.087658
64  0.004014  -0.087140
65  0.004039  -0.086405
66  0.004026  -0.085587
67  0.004023  -0.084991
68  0.004010  -0.084362
69  0.004014  -0.083646
70  0.004000  -0.083346
71  0.004082  -0.082953
72  0.004011  -0.082592
73  0.004036  -0.082021
74  0.004073  -0.081320
75  0.004051  -0.080908
76  0.003996  -0.080467
77  0.004046  -0.079880
78  0.004017  -0.079553
79  0.004006  -0.079203
80  0.004037  -0.078673
81  0.003985  -0.078090
82  0.004012  -0.077640
83  0.004033  -0.077186
84  0.004004  -0.076816
85  0.003976  -0.076440
86  0.003990  -0.075958
87  0.004011  -0.075700
88  0.004060  -0.075398
89  0.004031  -0.075077
90  0.004012  -0.074704
91  0.004036  -0.074277
92  0.004060  -0.073919
93  0.003988  -0.073519
94  0.003985  -0.073091
95  0.003976  -0.072691
96  0.003975  -0.072317
97  0.004062  -0.071969
98  0.003990  -0.071712
99  0.004023  -0.071408
100  0.004031  -0.071088
101  0.004059  -0.070758
102  0.004092  -0.070366
103  0.004078  -0.070021
104  0.004014  -0.069698
105  0.004050  -0.069354
106  0.004027  -0.069072
107  0.004013  -0.068755
108  0.004015  -0.068416
109  0.004013  -0.068091
110  0.003962  -0.067779
111  0.003963  -0.067471
112  0.003956  -0.067185
113  0.003930  -0.066904
114  0.003924  -0.066616
115  0.003916  -0.066331
116  0.003962  -0.066046
117  0.003971  -0.065756
118  0.003947  -0.065514
119  0.003932  -0.065257
120  0.004009  -0.064985
121  0.003969  -0.064691
122  0.004032  -0.064397
123  0.003989  -0.064119
124  0.003950  -0.063847
125  0.004000  -0.063561
126  0.003991  -0.063310
127  0.003981  -0.063054
128  0.004074  -0.062772
129  0.004012  -0.062516
130  0.003991  -0.062253
131  0.004043  -0.061994
132  0.004056  -0.061728
133  0.004091  -0.061448
134  0.004058  -0.061182
135  0.003994  -0.060921
136  0.004041  -0.060659
137  0.004021  -0.060416
138  0.004024  -0.060168
139  0.003988  -0.059914
140  0.003971  -0.059663
141  0.003971  -0.059414
142  0.004058  -0.059166
143  0.004047  -0.058931
144  0.004021  -0.058691
145  0.004029  -0.058450
146  0.004053  -0.058209
147  0.004076  -0.057959
148  0.004020  -0.057717
149  0.004007  -0.057478
150  0.004035  -0.057237
151  0.004015  -0.057007
152  0.004001  -0.056775
153  0.004001  -0.056540
154  0.004015  -0.056308
155  0.003951  -0.056078
156  0.003949  -0.055853
157  0.003976  -0.055626
158  0.003917  -0.055405
159  0.003955  -0.055184
160  0.003933  -0.054965
161  0.003877  -0.054747
162  0.003943  -0.054528
163  0.003944  -0.054316
164  0.003920  -0.054102
165  0.004001  -0.053885
166  0.003930  -0.053670
167  0.004015  -0.053448
168  0.004005  -0.053232
169  0.003935  -0.053021
170  0.004010  -0.052804
171  0.003986  -0.052592
172  0.003958  -0.052382
173  0.004007  -0.052169
174  0.003939  -0.051963
175  0.003961  -0.051755
176  0.004006  -0.051545
177  0.003942  -0.051340
178  0.003963  -0.051136
179  0.004028  -0.050930
180  0.003957  -0.050727
181  0.003998  -0.050523
182  0.003970  -0.050320
183  0.003975  -0.050118
184  0.003964  -0.049919
185  0.004016  -0.049717
186  0.004007  -0.049517
187  0.004087  -0.049314
188  0.004010  -0.049116
189  0.004000  -0.048917
190  0.004081  -0.048716
191  0.004028  -0.048519
192  0.004008  -0.048324
193  0.004090  -0.048125
194  0.004025  -0.047931
195  0.004000  -0.047738
196  0.004041  -0.047544
197  0.004011  -0.047353
198  0.004000  -0.047163
199  0.003975  -0.046974
200  0.003928  -0.046789
201  0.003936  -0.046604
202  0.003908  -0.046422
203  0.003929  -0.046239
204  0.003882  -0.046059
205  0.003889  -0.045879
206  0.003924  -0.045699
207  0.003870  -0.045522
208  0.003920  -0.045343
209  0.003953  -0.045165
210  0.003939  -0.044986
211  0.003954  -0.044808
212  0.003949  -0.044631
213  0.004044  -0.044450
214  0.003983  -0.044272
215  0.004003  -0.044095
216  0.004015  -0.043917
217  0.003993  -0.043742
218  0.003985  -0.043567
219  0.004045  -0.043391
220  0.004045  -0.043216
221  0.003993  -0.043042
222  0.004052  -0.042867
223  0.004091  -0.042692
224  0.004116  -0.042516
225  0.004040  -0.042344
226  0.004032  -0.042174
227  0.004083  -0.042000
228  0.004097  -0.041828
229  0.004023  -0.041660
230  0.004067  -0.041490
231  0.004011  -0.041323
232  0.004000  -0.041158
233  0.004041  -0.040992
234  0.004028  -0.040827
235  0.004009  -0.040663
236  0.004093  -0.040497
237  0.004072  -0.040331
238  0.004108  -0.040165
239  0.004042  -0.040003
240  0.004055  -0.039841
241  0.004087  -0.039678
242  0.004057  -0.039517
243  0.004035  -0.039357
244  0.004058  -0.039197
245  0.004040  -0.039038
246  0.003989  -0.038884
247  0.004035  -0.038726
248  0.004054  -0.038569
249  0.003992  -0.038415
250  0.003982  -0.038262
251  0.003967  -0.038110
252  0.003956  -0.037959
253  0.003993  -0.037808
254  0.003974  -0.037658
255  0.003912  -0.037510
256  0.003919  -0.037363
257  0.003912  -0.037216
258  0.003935  -0.037070
259  0.003999  -0.036923
260  0.003934  -0.036777
261  0.003874  -0.036634
262  0.003822  -0.036494
263  0.003811  -0.036355
264  0.003896  -0.036214
265  0.003879  -0.036074
266  0.003836  -0.035934
267  0.003893  -0.035794
268  0.003933  -0.035654
269  0.003918  -0.035514
270  0.003972  -0.035373
271  0.003974  -0.035232
272  0.004045  -0.035090
273  0.004033  -0.034948
274  0.003972  -0.034810
275  0.004067  -0.034668
276  0.004048  -0.034528
277  0.004018  -0.034389
278  0.004026  -0.034250
279  0.003965  -0.034115
280  0.003990  -0.033979
281  0.004052  -0.033841
282  0.004046  -0.033703
283  0.003990  -0.033569
284  0.004026  -0.033434
285  0.004052  -0.033299
286  0.004087  -0.033162
287  0.004065  -0.033027
288  0.004011  -0.032896
289  0.004090  -0.032761
290  0.004077  -0.032627
291  0.004008  -0.032496
292  0.004044  -0.032364
293  0.003992  -0.032236
294  0.004017  -0.032107
295  0.004024  -0.031976
296  0.004018  -0.031848
297  0.004001  -0.031721
298  0.004047  -0.031593
299  0.004069  -0.031465
300  0.004103  -0.031335
301  0.004037  -0.031208
302  0.004057  -0.031081
303  0.004094  -0.030955
304  0.004025  -0.030831
305  0.004053  -0.030705
306  0.003994  -0.030582
307  0.003971  -0.030462
308  0.003973  -0.030341
309  0.003991  -0.030218
310  0.004019  -0.030097
311  0.003992  -0.029977
312  0.003998  -0.029858
313  0.003991  -0.029739
314  0.003977  -0.029620
315  0.004050  -0.029500
316  0.003990  -0.029382
317  0.004059  -0.029264
318  0.004016  -0.029146
319  0.003993  -0.029029
320  0.004085  -0.028910
321  0.004018  -0.028794
322  0.004034  -0.028678
323  0.004091  -0.028562
324  0.004017  -0.028447
325  0.004101  -0.028329
326  0.004045  -0.028215
327  0.004007  -0.028102
328  0.004086  -0.027987
329  0.004021  -0.027875
330  0.004053  -0.027762
331  0.004044  -0.027649
332  0.004046  -0.027537
333  0.003995  -0.027427
334  0.003997  -0.027317
335  0.004032  -0.027208
336  0.003973  -0.027099
337  0.003979  -0.026991
338  0.004009  -0.026883
339  0.003948  -0.026778
340  0.003995  -0.026671
341  0.003991  -0.026564
342  0.003983  -0.026458
343  0.004064  -0.026350
344  0.003990  -0.026245
345  0.004079  -0.026139
346  0.004015  -0.026034
347  0.003987  -0.025929
348  0.004067  -0.025824
349  0.004032  -0.025720
350  0.004034  -0.025616
351  0.004061  -0.025512
352  0.004050  -0.025410
353  0.004020  -0.025307
354  0.003995  -0.025205
355  0.004013  -0.025104
356  0.003987  -0.025005
357  0.004100  -0.024902
358  0.004025  -0.024801
359  0.004012  -0.024702
360  0.004095  -0.024602
361  0.004020  -0.024503
362  0.004099  -0.024401
363  0.004034  -0.024303
364  0.004012  -0.024206
365  0.004087  -0.024107
366  0.004067  -0.024009
367  0.004000  -0.023913
368  0.004078  -0.023816
369  0.004057  -0.023719
370  0.003993  -0.023624
371  0.004065  -0.023528
372  0.004043  -0.023433
373  0.003980  -0.023339
374  0.004060  -0.023245
375  0.004053  -0.023151
376  0.003980  -0.023058
377  0.003977  -0.022966
378  0.003987  -0.022875
379  0.003986  -0.022784
380  0.004031  -0.022693
381  0.004000  -0.022602
382  0.003941  -0.022512
383  0.004047  -0.022421
384  0.004025  -0.022331
385  0.004062  -0.022240
386  0.004000  -0.022151
387  0.004032  -0.022062
388  0.004031  -0.021973
389  0.004049  -0.021885
390  0.004045  -0.021796
391  0.004044  -0.021707
392  0.003984  -0.021621
393  0.004026  -0.021534
394  0.004077  -0.021446
395  0.004013  -0.021360
396  0.004089  -0.021272
397  0.004056  -0.021186
398  0.004026  -0.021102
399  0.004063  -0.021016
400  0.003998  -0.020931
401  0.004019  -0.020847
402  0.004025  -0.020763
403  0.004048  -0.020679
404  0.003987  -0.020597
405  0.004052  -0.020513
406  0.004070  -0.020430
407  0.004011  -0.020349
408  0.004053  -0.020265
409  0.004095  -0.020182
410  0.004118  -0.020099
411  0.004094  -0.020017
412  0.004031  -0.019937
413  0.004080  -0.019855
414  0.004103  -0.019773
415  0.004037  -0.019694
416  0.004054  -0.019614
417  0.004014  -0.019536
418  0.004004  -0.019457
419  0.004094  -0.019377
420  0.004028  -0.019299
421  0.004047  -0.019221
422  0.004056  -0.019144
423  0.004065  -0.019065
424  0.004103  -0.018987
425  0.004038  -0.018910
426  0.004009  -0.018834
427  0.004054  -0.018759
428  0.004033  -0.018682
429  0.004003  -0.018608
430  0.004000  -0.018533
431  0.004088  -0.018457
432  0.004026  -0.018384
433  0.004108  -0.018309
434  0.004054  -0.018233
435  0.004024  -0.018160
436  0.004100  -0.018086
437  0.004035  -0.018013
438  0.004102  -0.017939
439  0.004054  -0.017866
440  0.004054  -0.017794
441  0.004075  -0.017721
442  0.004057  -0.017649
443  0.004043  -0.017579
444  0.004129  -0.017505
445  0.004063  -0.017434
446  0.004183  -0.017361
447  0.004114  -0.017290
448  0.004080  -0.017219
449  0.004158  -0.017149
450  0.004130  -0.017077
451  0.004060  -0.017008
452  0.004133  -0.016937
453  0.004065  -0.016868
454  0.004042  -0.016800
455  0.004118  -0.016732
456  0.004105  -0.016662
457  0.004028  -0.016595
458  0.004049  -0.016528
459  0.004019  -0.016462
460  0.004008  -0.016397
461  0.004100  -0.016328
462  0.004081  -0.016262
463  0.004013  -0.016197
464  0.004057  -0.016131
465  0.004071  -0.016065
466  0.004077  -0.016001
467  0.004055  -0.015935
468  0.004097  -0.015869
469  0.004132  -0.015804
470  0.004065  -0.015740
471  0.004059  -0.015676
472  0.004087  -0.015613
473  0.004113  -0.015547
474  0.004144  -0.015483
475  0.004073  -0.015420
476  0.004091  -0.015357
477  0.004121  -0.015294
478  0.004105  -0.015231
479  0.004072  -0.015170
480  0.004071  -0.015107
481  0.004099  -0.015045
482  0.004030  -0.014985
483  0.004029  -0.014924
484  0.004016  -0.014864
485  0.004033  -0.014804
486  0.004083  -0.014745
487  0.004016  -0.014685
488  0.004044  -0.014625
489  0.004090  -0.014565
490  0.004064  -0.014506
491  0.004087  -0.014447
492  0.004066  -0.014389
493  0.004049  -0.014330
494  0.004070  -0.014272
495  0.003999  -0.014215
496  0.003993  -0.014158
497  0.004067  -0.014100
498  0.004061  -0.014043
499  0.003990  -0.013988
500  0.004035  -0.013930
501  0.003976  -0.013875
502  0.004003  -0.013820
503  0.004062  -0.013763
504  0.004000  -0.013708
505  0.003985  -0.013654
506  0.004032  -0.013600
507  0.004055  -0.013544
508  0.004077  -0.013488
509  0.004047  -0.013434
510  0.003988  -0.013380
511  0.004037  -0.013326
512  0.004016  -0.013273
513  0.004009  -0.013219
514  0.004084  -0.013166
515  0.004023  -0.013112
516  0.004060  -0.013059
517  0.004119  -0.013005
518  0.004055  -0.012953
519  0.004131  -0.012899
520  0.004105  -0.012846
521  0.004039  -0.012795
522  0.004123  -0.012742
523  0.004057  -0.012690
524  0.004037  -0.012639
525  0.004039  -0.012588
526  0.004022  -0.012537
527  0.004036  -0.012486
528  0.004097  -0.012435
529  0.004023  -0.012386
530  0.004010  -0.012336
531  0.004065  -0.012285
532  0.004087  -0.012235
533  0.004115  -0.012185
534  0.004049  -0.012136
535  0.004046  -0.012086
536  0.004139  -0.012036
537  0.004110  -0.011988
538  0.004143  -0.011937
539  0.004196  -0.011887
540  0.004126  -0.011838
541  0.004157  -0.011789
542  0.004132  -0.011740
543  0.004108  -0.011692
544  0.004135  -0.011644
545  0.004069  -0.011596
546  0.004038  -0.011550
547  0.004039  -0.011503
548  0.004025  -0.011457
549  0.003997  -0.011411
550  0.004100  -0.011364
551  0.004025  -0.011318
552  0.004126  -0.011271
553  0.004093  -0.011225
554  0.004029  -0.011181
555  0.004112  -0.011134
556  0.004069  -0.011089
557  0.004061  -0.011044
558  0.004079  -0.010999
559  0.004094  -0.010954
560  0.004030  -0.010910
561  0.004099  -0.010865
562  0.004104  -0.010820
563  0.004034  -0.010777
564  0.004112  -0.010733
565  0.004048  -0.010689
566  0.004126  -0.010645
567  0.004093  -0.010601
568  0.004030  -0.010558
569  0.004077  -0.010515
570  0.004058  -0.010473
571  0.004042  -0.010430
572  0.004101  -0.010389
573  0.004113  -0.010345
574  0.004044  -0.010303
575  0.004119  -0.010261
576  0.004054  -0.010219
577  0.004105  -0.010177
578  0.004078  -0.010136
579  0.004071  -0.010094
580  0.004126  -0.010053
581  0.004150  -0.010011
582  0.004181  -0.009969
583  0.004104  -0.009929
584  0.004089  -0.009888
585  0.004168  -0.009846
586  0.004154  -0.009806
587  0.004118  -0.009765
588  0.004117  -0.009725
589  0.004052  -0.009686
590  0.004073  -0.009646
591  0.004080  -0.009607
592  0.004091  -0.009568
593  0.004026  -0.009529
594  0.004119  -0.009490
595  0.004053  -0.009451
596  0.004140  -0.009412
597  0.004073  -0.009374
598  0.004101  -0.009335
599  0.004128  -0.009297
600  0.004059  -0.009259
601  0.004051  -0.009222
602  0.004047  -0.009184
603  0.004077  -0.009147
604  0.004014  -0.009111
605  0.004108  -0.009073
606  0.004088  -0.009036
607  0.004054  -0.008999
608  0.004111  -0.008962
609  0.004047  -0.008926
610  0.004092  -0.008889
611  0.004120  -0.008852
612  0.004053  -0.008817
613  0.004089  -0.008781
614  0.004024  -0.008746
615  0.004004  -0.008710
616  0.004064  -0.008675
617  0.004050  -0.008640
618  0.004133  -0.008604
619  0.004067  -0.008569
620  0.004044  -0.008534
621  0.004093  -0.008499
622  0.004060  -0.008465
623  0.004083  -0.008430
624  0.004065  -0.008396
625  0.004123  -0.008362
626  0.004089  -0.008327
627  0.004137  -0.008293
628  0.004083  -0.008259
629  0.004056  -0.008225
630  0.004072  -0.008192
631  0.004055  -0.008159
632  0.004130  -0.008125
633  0.004117  -0.008092
634  0.004051  -0.008059
635  0.004044  -0.008026
636  0.004023  -0.007994
637  0.004012  -0.007962
638  0.004100  -0.007930
639  0.004034  -0.007897
640  0.004069  -0.007865
641  0.004030  -0.007833
642  0.004010  -0.007802
643  0.004008  -0.007771
644  0.004078  -0.007739
645  0.004076  -0.007707
646  0.004004  -0.007677
647  0.004023  -0.007646
648  0.004036  -0.007615
649  0.003992  -0.007584
650  0.003953  -0.007555
651  0.003938  -0.007525
652  0.003930  -0.007496
653  0.003969  -0.007465
654  0.003956  -0.007436
655  0.003892  -0.007407
656  0.003954  -0.007378
657  0.003947  -0.007349
658  0.003977  -0.007319
659  0.003990  -0.007290
660  0.003968  -0.007261
661  0.004043  -0.007232
662  0.003980  -0.007203
663  0.004017  -0.007174
664  0.004014  -0.007145
665  0.004033  -0.007118
666  0.003963  -0.007088
667  0.003987  -0.007060
668  0.004003  -0.007032
669  0.003975  -0.007004
670  0.003921  -0.006976
671  0.003911  -0.006949
672  0.003904  -0.006922
673  0.003944  -0.006895
674  0.003888  -0.006868
675  0.003871  -0.006841
676  0.003919  -0.006814
677  0.003899  -0.006788
678  0.003892  -0.006761
679  0.003959  -0.006736
680  0.003945  -0.006708
681  0.004019  -0.006681
682  0.003956  -0.006655
683  0.003989  -0.006628
684  0.004023  -0.006602
685  0.003959  -0.006575
686  0.003959  -0.006549
687  0.003987  -0.006523
688  0.003978  -0.006497
689  0.003910  -0.006472
690  0.003920  -0.006447
691  0.003926  -0.006421
692  0.003863  -0.006396
693  0.003860  -0.006372
694  0.003894  -0.006348
695  0.003876  -0.006322
696  0.003825  -0.006298
697  0.003836  -0.006274
698  0.003870  -0.006250
699  0.003934  -0.006225
700  0.003915  -0.006201
701  0.003862  -0.006177
702  0.003956  -0.006152
703  0.003944  -0.006128
704  0.003987  -0.006104
705  0.003963  -0.006079
706  0.003953  -0.006055
707  0.003958  -0.006031
708  0.003948  -0.006008
709  0.003949  -0.005984
710  0.004038  -0.005961
711  0.004027  -0.005936
712  0.003999  -0.005912
713  0.004009  -0.005888
714  0.004087  -0.005864
715  0.004086  -0.005840
716  0.004024  -0.005817
717  0.004045  -0.005793
718  0.004000  -0.005770
719  0.003990  -0.005747
720  0.004013  -0.005724
721  0.003963  -0.005701
722  0.003989  -0.005679
723  0.003964  -0.005656
724  0.004027  -0.005633
725  0.003967  -0.005611
726  0.003951  -0.005589
727  0.004013  -0.005567
728  0.004002  -0.005544
729  0.004086  -0.005521
730  0.004021  -0.005499
731  0.004054  -0.005477
732  0.004073  -0.005455
733  0.004074  -0.005432
734  0.004012  -0.005411
735  0.004042  -0.005389
736  0.004034  -0.005367
737  0.003974  -0.005346
738  0.004042  -0.005324
739  0.004023  -0.005303
740  0.003986  -0.005282
741  0.004071  -0.005260
742  0.004051  -0.005239
743  0.004084  -0.005217
744  0.004021  -0.005196
745  0.004038  -0.005175
746  0.004041  -0.005155
747  0.004027  -0.005134
748  0.004068  -0.005113
749  0.004070  -0.005092
750  0.004080  -0.005071
751  0.004017  -0.005051
752  0.004109  -0.005030
753  0.004085  -0.005010
754  0.004121  -0.004989
755  0.004053  -0.004969
756  0.003989  -0.004949
757  0.004025  -0.004929
758  0.003999  -0.004909
759  0.003938  -0.004890
760  0.003944  -0.004871
761  0.003973  -0.004851
762  0.003916  -0.004832
763  0.003918  -0.004813
764  0.003908  -0.004795
765  0.003904  -0.004777
766  0.003996  -0.004757
767  0.003937  -0.004738
768  0.004026  -0.004719
769  0.003966  -0.004700
770  0.003985  -0.004681
771  0.004026  -0.004663
772  0.003999  -0.004644
773  0.003940  -0.004626
774  0.004032  -0.004607
775  0.003974  -0.004589
776  0.003971  -0.004571
777  0.004045  -0.004552
778  0.003988  -0.004534
779  0.003986  -0.004516
780  0.004068  -0.004497
781  0.004007  -0.004479
782  0.004081  -0.004461
783  0.004045  -0.004443
784  0.003998  -0.004425
785  0.004047  -0.004407
786  0.004031  -0.004390
787  0.004017  -0.004372
788  0.004074  -0.004355
789  0.004085  -0.004336
790  0.004121  -0.004319
791  0.004089  -0.004301
792  0.004064  -0.004283
793  0.004091  -0.004266
794  0.004068  -0.004249
795  0.003994  -0.004232
796  0.004073  -0.004214
797  0.004012  -0.004197
798  0.004011  -0.004181
799  0.004067  -0.004164
800  0.004029  -0.004147
801  0.004004  -0.004130
802  0.003996  -0.004114
803  0.004039  -0.004097
804  0.004044  -0.004081
805  0.004146  -0.004064
806  0.004079  -0.004047
807  0.004157  -0.004030
808  0.004080  -0.004014
809  0.004064  -0.003997
810  0.004145  -0.003981
811  0.004078  -0.003966
812  0.004056  -0.003949
813  0.004088  -0.003932
814  0.004058  -0.003916
815  0.004000  -0.003901
816  0.003993  -0.003885
817  0.003975  -0.003870
818  0.003973  -0.003854
819  0.004061  -0.003839
820  0.004008  -0.003823
821  0.004026  -0.003808
822  0.004085  -0.003792
823  0.004020  -0.003777
824  0.004104  -0.003762
825  0.004052  -0.003746
826  0.004067  -0.003731
827  0.004027  -0.003716
828  0.004010  -0.003701
829  0.004025  -0.003686
830  0.003975  -0.003672
831  0.004000  -0.003657
832  0.003942  -0.003643
833  0.004013  -0.003628
834  0.004014  -0.003613
835  0.003961  -0.003599
836  0.004020  -0.003585
837  0.004062  -0.003570
838  0.004090  -0.003556
839  0.004027  -0.003541
840  0.004028  -0.003527
841  0.004092  -0.003512
842  0.004025  -0.003498
843  0.004003  -0.003484
844  0.004008  -0.003470
845  0.004000  -0.003456
846  0.003989  -0.003443
847  0.004059  -0.003429
848  0.004016  -0.003415
849  0.003998  -0.003401
850  0.004055  -0.003388
851  0.004041  -0.003374
852  0.004123  -0.003360
853  0.004058  -0.003346
854  0.004040  -0.003333
855  0.004134  -0.003319
856  0.004066  -0.003305
857  0.004027  -0.003292
858  0.004048  -0.003279
859  0.004010  -0.003266
860  0.004005  -0.003253
861  0.004046  -0.003239
862  0.004015  -0.003226
863  0.004053  -0.003213
864  0.004098  -0.003200
865  0.004033  -0.003187
866  0.004102  -0.003174
867  0.004046  -0.003161
868  0.004059  -0.003150
869  0.004065  -0.003136
870  0.004045  -0.003123
871  0.004034  -0.003110
872  0.004091  -0.003098
873  0.004105  -0.003085
874  0.004041  -0.003073
875  0.004084  -0.003060
876  0.004070  -0.003048
877  0.004126  -0.003035
878  0.004093  -0.003023
879  0.004076  -0.003010
880  0.004084  -0.002998
881  0.004044  -0.002986
882  0.004072  -0.002974
883  0.004116  -0.002961
884  0.004043  -0.002949
885  0.004033  -0.002938
886  0.004111  -0.002925
887  0.004082  -0.002914
888  0.004102  -0.002902
889  0.004030  -0.002890
890  0.004016  -0.002878
891  0.004102  -0.002866
892  0.004074  -0.002855
893  0.004053  -0.002843
894  0.004141  -0.002831
895  0.004115  -0.002820
896  0.004150  -0.002808
897  0.004116  -0.002797
898  0.004091  -0.002785
899  0.004125  -0.002774
900  0.004077  -0.002762
901  0.004067  -0.002751
902  0.004089  -0.002741
903  0.004064  -0.002729
904  0.004002  -0.002718
905  0.004074  -0.002707
906  0.004052  -0.002696
907  0.003989  -0.002685
908  0.004039  -0.002674
909  0.004067  -0.002663
910  0.004046  -0.002652
911  0.004036  -0.002642
912  0.003975  -0.002631
913  0.004001  -0.002621
914  0.004060  -0.002610
915  0.004043  -0.002600
916  0.004079  -0.002589
917  0.004049  -0.002578
918  0.004030  -0.002568
919  0.004034  -0.002558
920  0.004021  -0.002547
921  0.004051  -0.002537
922  0.004066  -0.002527
923  0.004038  -0.002517
924  0.004024  -0.002506
925  0.004095  -0.002496
926  0.004093  -0.002486
927  0.004076  -0.002476
928  0.004107  -0.002466
929  0.004043  -0.002456
930  0.004127  -0.002446
931  0.004116  -0.002436
932  0.004053  -0.002426
933  0.004140  -0.002416
934  0.004074  -0.002406
935  0.004160  -0.002396
936  0.004092  -0.002386
937  0.004068  -0.002376
938  0.004108  -0.002366
939  0.004043  -0.002357
940  0.004059  -0.002347
941  0.004074  -0.002339
942  0.004046  -0.002328
943  0.004129  -0.002319
944  0.004073  -0.002309
945  0.004030  -0.002300
946  0.004112  -0.002291
947  0.004087  -0.002281
948  0.004018  -0.002272
949  0.004097  -0.002263
950  0.004032  -0.002254
951  0.004013  -0.002245
952  0.004091  -0.002235
953  0.004046  -0.002226
954  0.004068  -0.002217
955  0.004045  -0.002208
956  0.004016  -0.002199
957  0.003997  -0.002191
958  0.003988  -0.002182
959  0.003933  -0.002173
960  0.003925  -0.002165
961  0.003950  -0.002156
962  0.003884  -0.002148
963  0.003879  -0.002139
964  0.003920  -0.002131
965  0.003910  -0.002123
966  0.003847  -0.002115
967  0.003881  -0.002106
968  0.003852  -0.002098
969  0.003890  -0.002090
970  0.003946  -0.002082
971  0.003884  -0.002074
972  0.003927  -0.002066
973  0.003970  -0.002057
974  0.003970  -0.002049
975  0.003976  -0.002041
976  0.004012  -0.002033
977  0.003984  -0.002025
978  0.003967  -0.002017
979  0.003962  -0.002009
980  0.003904  -0.002001
981  0.004055  -0.001993
982  0.003992  -0.001985
983  0.003965  -0.001977
984  0.004050  -0.001969
985  0.003988  -0.001961
986  0.004076  -0.001953
987  0.004042  -0.001946
988  0.004032  -0.001937
989  0.004033  -0.001930
990  0.004012  -0.001922
991  0.004008  -0.001914
992  0.004066  -0.001906
993  0.004094  -0.001899
994  0.004056  -0.001891
995  0.004131  -0.001883
996  0.004054  -0.001875
997  0.004123  -0.001868
998  0.004102  -0.001860
999  0.004033  -0.001853
1000  0.004120  -0.001845
1001  0.004054  -0.001837
1002  0.004023  -0.001830
1003  0.003995  -0.001823
1004  0.003978  -0.001815
1005  0.003999  -0.001808
1006  0.004029  -0.001801
1007  0.004001  -0.001794
1008  0.004086  -0.001786
1009  0.004057  -0.001779
1010  0.003996  -0.001772
1011  0.004046  -0.001765
1012  0.004024  -0.001758
1013  0.004020  -0.001751
1014  0.004078  -0.001744
1015  0.004106  -0.001736
1016  0.004042  -0.001729
1017  0.004071  -0.001722
1018  0.004061  -0.001715
1019  0.004141  -0.001708
1020  0.004085  -0.001701
1021  0.004097  -0.001694
1022  0.004094  -0.001687
1023  0.004029  -0.001681
1024  0.004053  -0.001674
1025  0.004023  -0.001667
1026  0.004001  -0.001660
1027  0.004020  -0.001654
1028  0.004077  -0.001647
1029  0.004047  -0.001640
1030  0.003985  -0.001634
1031  0.004030  -0.001627
1032  0.004016  -0.001621
1033  0.004097  -0.001614
1034  0.004024  -0.001607
1035  0.004062  -0.001601
1036  0.004088  -0.001594
1037  0.004023  -0.001588
1038  0.004008  -0.001582
1039  0.004081  -0.001575
1040  0.004055  -0.001569
1041  0.004041  -0.001562
1042  0.004076  -0.001556
1043  0.004012  -0.001550
1044  0.003990  -0.001544
1045  0.004053  -0.001537
1046  0.004039  -0.001532
1047  0.004063  -0.001525
1048  0.004093  -0.001519
1049  0.004088  -0.001513
1050  0.004049  -0.001506
1051  0.004089  -0.001500
1052  0.004086  -0.001494
1053  0.004162  -0.001488
1054  0.004140  -0.001482
1055  0.004065  -0.001476
1056  0.004104  -0.001470
1057  0.004092  -0.001464
1058  0.004060  -0.001458
1059  0.003998  -0.001452
1060  0.003984  -0.001446
1061  0.003969  -0.001440
1062  0.004006  -0.001435
1063  0.003987  -0.001429
1064  0.003925  -0.001423
1065  0.003972  -0.001418
1066  0.003915  -0.001412
1067  0.003938  -0.001406
1068  0.003957  -0.001401
1069  0.003941  -0.001395
1070  0.004079  -0.001390
1071  0.004017  -0.001384
1072  0.003999  -0.001379
1073  0.004081  -0.001373
1074  0.004057  -0.001367
1075  0.004038  -0.001362
1076  0.003993  -0.001356
1077  0.004027  -0.001351
1078  0.004001  -0.001346
1079  0.003942  -0.001340
1080  0.003983  -0.001335
1081  0.003925  -0.001330
1082  0.003999  -0.001324
1083  0.003985  -0.001319
1084  0.004059  -0.001314
1085  0.004009  -0.001308
1086  0.003993  -0.001303
1087  0.004078  -0.001298
1088  0.004015  -0.001293
1089  0.003987  -0.001288
1090  0.004011  -0.001282
1091  0.004009  -0.001277
1092  0.003999  -0.001272
1093  0.003942  -0.001267
1094  0.003926  -0.001262
1095  0.003961  -0.001257
1096  0.004014  -0.001252
1097  0.004003  -0.001247
1098  0.003934  -0.001242
1099  0.004010  -0.001237
1100  0.003984  -0.001232
1101  0.004006  -0.001227
1102  0.003939  -0.001223
1103  0.003935  -0.001218
1104  0.004023  -0.001213
1105  0.004003  -0.001208
1106  0.003940  -0.001203
1107  0.004000  -0.001198
1108  0.003940  -0.001194
1109  0.003969  -0.001189
1110  0.003941  -0.001184
1111  0.003919  -0.001180
1112  0.003903  -0.001175
1113  0.003965  -0.001170
1114  0.003988  -0.001166
1115  0.003976  -0.001161
1116  0.004017  -0.001156
1117  0.003956  -0.001152
1118  0.004045  -0.001148
1119  0.003972  -0.001143
1120  0.003998  -0.001138
1121  0.004035  -0.001133
1122  0.003971  -0.001129
1123  0.003962  -0.001124
1124  0.004040  -0.001120
1125  0.003985  -0.001115
1126  0.003968  -0.001111
1127  0.004059  -0.001107
1128  0.003997  -0.001102
1129  0.004013  -0.001098
1130  0.004022  -0.001093
1131  0.003960  -0.001089
1132  0.003971  -0.001085
1133  0.004045  -0.001080
1134  0.004018  -0.001076
1135  0.003967  -0.001072
1136  0.003998  -0.001067
1137  0.003975  -0.001063
1138  0.004058  -0.001059
1139  0.003992  -0.001055
1140  0.004023  -0.001050
1141  0.004025  -0.001046
1142  0.003993  -0.001042
1143  0.004028  -0.001038
1144  0.004007  -0.001034
1145  0.004013  -0.001029
1146  0.003954  -0.001025
1147  0.004055  -0.001021
1148  0.004034  -0.001017
1149  0.003965  -0.001013
1150  0.004019  -0.001009
1151  0.004032  -0.001005
1152  0.004068  -0.001001
1153  0.004006  -0.000997
1154  0.004026  -0.000993
1155  0.004074  -0.000989
1156  0.004006  -0.000985
1157  0.004026  -0.000981
1158  0.004031  -0.000977
1159  0.004118  -0.000973
1160  0.004140  -0.000969
1161  0.004074  -0.000965
1162  0.004047  -0.000961
1163  0.004096  -0.000957
1164  0.004117  -0.000953
1165  0.004051  -0.000949
1166  0.004038  -0.000945
1167  0.004069  -0.000942
1168  0.004041  -0.000938
1169  0.004043  -0.000934
1170  0.004019  -0.000930
1171  0.004006  -0.000926
1172  0.004068  -0.000923
1173  0.004124  -0.000919
1174  0.004139  -0.000915
1175  0.004082  -0.000911
1176  0.004041  -0.000908
1177  0.004073  -0.000904
1178  0.004050  -0.000900
1179  0.003981  -0.000897
1180  0.004009  -0.000893
1181  0.003973  -0.000890
1182  0.003996  -0.000886
1183  0.003944  -0.000883
1184  0.003929  -0.000879
1185  0.003929  -0.000876
1186  0.004020  -0.000872
1187  0.003960  -0.000869
1188  0.003955  -0.000865
1189  0.004003  -0.000862
1190  0.003994  -0.000858
1191  0.004075  -0.000855
1192  0.004044  -0.000851
1193  0.004002  -0.000848
1194  0.004061  -0.000844
1195  0.003990  -0.000841
1196  0.003976  -0.000838
1197  0.004070  -0.000834
1198  0.004048  -0.000831
1199  0.003986  -0.000828
1200  0.003980  -0.000824
1201  0.004005  -0.000821
1202  0.003994  -0.000818
1203  0.003954  -0.000815
1204  0.003932  -0.000811
1205  0.003934  -0.000808
1206  0.003989  -0.000805
1207  0.004023  -0.000802
1208  0.003963  -0.000799
1209  0.003996  -0.000795
1210  0.004023  -0.000792
1211  0.004058  -0.000789
1212  0.004045  -0.000786
1213  0.003982  -0.000783
1214  0.004051  -0.000779
1215  0.004048  -0.000776
1216  0.003982  -0.000773
1217  0.004016  -0.000770
1218  0.004001  -0.000767
1219  0.003985  -0.000764
1220  0.004007  -0.000761
1221  0.003972  -0.000758
1222  0.003997  -0.000755
1223  0.004050  -0.000752
1224  0.004037  -0.000749
1225  0.004065  -0.000746
1226  0.004002  -0.000743
1227  0.004036  -0.000741
1228  0.004035  -0.000737
1229  0.004058  -0.000734
1230  0.003995  -0.000731
1231  0.003984  -0.000728
1232  0.004017  -0.000725
1233  0.003957  -0.000722
1234  0.003997  -0.000719
1235  0.004036  -0.000716
1236  0.004075  -0.000713
1237  0.004021  -0.000711
1238  0.004041  -0.000708
1239  0.004044  -0.000705
1240  0.004025  -0.000702
1241  0.004013  -0.000699
1242  0.004075  -0.000696
1243  0.004057  -0.000693
1244  0.004135  -0.000691
1245  0.004065  -0.000688
1246  0.004051  -0.000685
1247  0.004131  -0.000682
1248  0.004065  -0.000679
1249  0.004151  -0.000677
1250  0.004150  -0.000674
1251  0.004148  -0.000671
1252  0.004082  -0.000668
1253  0.004121  -0.000665
1254  0.004150  -0.000663
1255  0.004170  -0.000660
1256  0.004092  -0.000657
1257  0.004101  -0.000655
1258  0.004163  -0.000652
1259  0.004096  -0.000649
1260  0.004068  -0.000647
1261  0.004107  -0.000644
1262  0.004044  -0.000641
1263  0.004059  -0.000639
1264  0.004114  -0.000636
1265  0.004042  -0.000633
1266  0.004067  -0.000631
1267  0.004108  -0.000628
1268  0.004031  -0.000626
1269  0.004109  -0.000623
1270  0.004044  -0.000621
1271  0.004020  -0.000618
1272  0.004101  -0.000616
1273  0.004083  -0.000613
1274  0.004009  -0.000611
1275  0.004032  -0.000608
1276  0.004004  -0.000606
1277  0.004042  -0.000603
1278  0.003986  -0.000601
1279  0.004020  -0.000599
1280  0.003961  -0.000596
1281  0.004004  -0.000594
1282  0.004040  -0.000591
1283  0.003967  -0.000589
1284  0.004071  -0.000587
1285  0.003997  -0.000584
1286  0.004081  -0.000582
1287  0.004056  -0.000580
1288  0.003991  -0.000577
1289  0.004068  -0.000575
1290  0.004006  -0.000573
1291  0.004039  -0.000570
1292  0.004065  -0.000568
1293  0.004053  -0.000566
1294  0.003994  -0.000563
1295  0.003999  -0.000561
1296  0.004014  -0.000559
1297  0.003943  -0.000557
1298  0.003969  -0.000554
1299  0.003922  -0.000552
1300  0.003947  -0.000550
1301  0.004042  -0.000548
1302  0.003981  -0.000546
1303  0.004062  -0.000543
1304  0.004001  -0.000541
1305  0.003982  -0.000539
1306  0.004069  -0.000537
1307  0.004007  -0.000535
1308  0.003980  -0.000533
1309  0.003975  -0.000531
1310  0.004000  -0.000528
1311  0.003993  -0.000526
1312  0.003997  -0.000524
1313  0.003981  -0.000522
1314  0.003975  -0.000520
1315  0.004012  -0.000518
1316  0.003986  -0.000516
1317  0.004065  -0.000514
1318  0.004052  -0.000512
1319  0.003980  -0.000510
1320  0.004052  -0.000508
1321  0.003982  -0.000506
1322  0.003972  -0.000504
1323  0.004065  -0.000502
1324  0.004032  -0.000500
1325  0.004017  -0.000498
1326  0.004024  -0.000496
1327  0.003962  -0.000494
1328  0.003989  -0.000492
1329  0.004052  -0.000490
1330  0.003991  -0.000488
1331  0.003970  -0.000486
1332  0.004052  -0.000484
1333  0.003990  -0.000482
1334  0.004044  -0.000480
1335  0.004023  -0.000478
1336  0.004018  -0.000476
1337  0.004074  -0.000474
1338  0.004089  -0.000472
1339  0.004071  -0.000470
1340  0.004089  -0.000468
1341  0.004125  -0.000466
1342  0.004114  -0.000464
1343  0.004101  -0.000463
1344  0.004120  -0.000461
1345  0.004049  -0.000459
1346  0.004052  -0.000457
1347  0.004047  -0.000455
1348  0.003987  -0.000453
1349  0.004015  -0.000451
1350  0.003990  -0.000450
1351  0.004050  -0.000448
1352  0.003988  -0.000446
1353  0.004084  -0.000444
1354  0.004018  -0.000442
1355  0.004031  -0.000441
1356  0.004078  -0.000439
1357  0.004010  -0.000437
1358  0.003980  -0.000435
1359  0.004062  -0.000434
1360  0.004031  -0.000432
1361  0.003991  -0.000430
1362  0.004018  -0.000428
1363  0.004054  -0.000427
1364  0.004025  -0.000425
1365  0.004029  -0.000423
1366  0.004008  -0.000421
1367  0.003993  -0.000420
1368  0.004081  -0.000418
1369  0.004015  -0.000416
1370  0.004071  -0.000415
1371  0.004053  -0.000413
1372  0.004039  -0.000411
1373  0.004096  -0.000410
1374  0.004107  -0.000408
1375  0.004090  -0.000406
1376  0.004092  -0.000405
1377  0.004076  -0.000403
1378  0.004154  -0.000401
1379  0.004076  -0.000400
1380  0.004108  -0.000398
1381  0.004133  -0.000396
1382  0.004055  -0.000395
1383  0.004074  -0.000393
1384  0.004108  -0.000392
1385  0.004092  -0.000390
1386  0.004056  -0.000388
1387  0.004093  -0.000387
1388  0.004025  -0.000385
1389  0.004012  -0.000384
1390  0.004092  -0.000382
1391  0.004017  -0.000381
1392  0.004004  -0.000379
1393  0.004039  -0.000378
1394  0.003977  -0.000376
1395  0.003955  -0.000375
1396  0.003981  -0.000373
1397  0.003947  -0.000372
1398  0.003978  -0.000370
1399  0.003950  -0.000369
1400  0.003975  -0.000367
1401  0.003909  -0.000366
1402  0.003966  -0.000364
1403  0.003967  -0.000363
1404  0.004038  -0.000361
1405  0.004027  -0.000360
1406  0.003965  -0.000359
1407  0.004023  -0.000357
1408  0.004051  -0.000357
1409  0.004030  -0.000354
1410  0.003980  -0.000353
1411  0.003968  -0.000351
1412  0.003956  -0.000350
1413  0.004048  -0.000349
1414  0.003985  -0.000347
1415  0.003967  -0.000346
1416  0.004054  -0.000344
1417  0.003992  -0.000343
1418  0.004090  -0.000342
1419  0.004023  -0.000340
1420  0.004050  -0.000339
1421  0.004040  -0.000338
1422  0.004020  -0.000336
1423  0.004011  -0.000335
1424  0.004097  -0.000333
1425  0.004086  -0.000332
1426  0.004021  -0.000331
1427  0.004123  -0.000329
1428  0.004103  -0.000328
1429  0.004097  -0.000327
1430  0.004117  -0.000325
1431  0.004082  -0.000324
1432  0.004044  -0.000323
1433  0.004024  -0.000321
1434  0.004045  -0.000320
1435  0.004045  -0.000319
1436  0.003983  -0.000318
1437  0.004019  -0.000316
1438  0.004020  -0.000315
1439  0.004038  -0.000314
1440  0.003980  -0.000312
1441  0.004082  -0.000311
1442  0.004067  -0.000310
1443  0.004091  -0.000309
1444  0.004026  -0.000307
1445  0.004024  -0.000306
1446  0.004057  -0.000305
1447  0.004078  -0.000304
1448  0.004014  -0.000302
1449  0.004020  -0.000301
1450  0.004014  -0.000300
1451  0.004034  -0.000299
1452  0.004078  -0.000298
1453  0.004056  -0.000296
1454  0.004098  -0.000295
1455  0.004031  -0.000294
1456  0.004048  -0.000293
1457  0.004085  -0.000292
1458  0.004021  -0.000290
1459  0.004035  -0.000289
1460  0.004048  -0.000288
1461  0.004064  -0.000287
1462  0.004041  -0.000286
1463  0.004001  -0.000285
1464  0.004023  -0.000283
1465  0.003973  -0.000282
1466  0.004018  -0.000281
1467  0.004058  -0.000280
1468  0.004029  -0.000279
1469  0.004087  -0.000278
1470  0.004022  -0.000277
1471  0.004088  -0.000276
1472  0.004075  -0.000274
1473  0.004011  -0.000273
1474  0.004107  -0.000272
1475  0.004071  -0.000271
1476  0.004051  -0.000270
1477  0.003996  -0.000269
1478  0.003976  -0.000268
1479  0.003969  -0.000267
1480  0.003996  -0.000266
1481  0.003928  -0.000265
1482  0.003969  -0.000264
1483  0.003952  -0.000263
1484  0.003941  -0.000262
1485  0.003875  -0.000261
1486  0.003907  -0.000260
1487  0.003878  -0.000259
1488  0.003913  -0.000258
1489  0.003859  -0.000257
1490  0.003903  -0.000256
1491  0.003858  -0.000255
1492  0.003918  -0.000254
1493  0.003966  -0.000253
1494  0.004000  -0.000252
1495  0.003935  -0.000251
1496  0.003957  -0.000250
1497  0.004007  -0.000249
1498  0.003937  -0.000248
1499  0.003929  -0.000247
1500  0.003922  -0.000246
1501  0.003947  -0.000245
1502  0.003882  -0.000244
1503  0.003885  -0.000243
1504  0.003884  -0.000242
1505  0.003910  -0.000241
1506  0.003859  -0.000240
1507  0.003855  -0.000239
1508  0.003862  -0.000238
1509  0.003927  -0.000237
1510  0.003963  -0.000236
1511  0.003907  -0.000234
1512  0.003939  -0.000234
1513  0.003942  -0.000233
1514  0.004028  -0.000232
1515  0.003960  -0.000232
1516  0.004036  -0.000231
1517  0.004037  -0.000230
1518  0.004068  -0.000229
1519  0.004002  -0.000228
1520  0.004090  -0.000227
1521  0.004026  -0.000226
1522  0.004118  -0.000225
1523  0.004050  -0.000224
1524  0.004034  -0.000223
1525  0.004100  -0.000222
1526  0.004119  -0.000221
1527  0.004159  -0.000221
1528  0.004083  -0.000220
1529  0.004104  -0.000219
1530  0.004140  -0.000218
1531  0.004065  -0.000217
1532  0.004052  -0.000216
1533  0.004125  -0.000215
1534  0.004049  -0.000214
1535  0.004039  -0.000213
1536  0.004090  -0.000213
1537  0.004114  -0.000212
1538  0.004088  -0.000211
1539  0.004037  -0.000210
1540  0.004019  -0.000209
1541  0.004039  -0.000208
1542  0.004097  -0.000207
1543  0.004076  -0.000207
1544  0.004113  -0.000206
1545  0.004084  -0.000205
1546  0.004049  -0.000204
1547  0.004098  -0.000203
1548  0.004044  -0.000202
1549  0.004102  -0.000202
1550  0.004144  -0.000201
1551  0.004115  -0.000200
1552  0.004050  -0.000199
1553  0.004085  -0.000198
1554  0.004124  -0.000197
1555  0.004112  -0.000197
1556  0.004080  -0.000196
1557  0.004067  -0.000195
1558  0.004083  -0.000195
1559  0.004038  -0.000193
1560  0.004061  -0.000193
1561  0.004066  -0.000192
1562  0.004058  -0.000191
1563  0.004040  -0.000190
1564  0.004085  -0.000190
1565  0.004098  -0.000189
1566  0.004129  -0.000188
1567  0.004064  -0.000187
1568  0.004083  -0.000186
1569  0.004119  -0.000186
1570  0.004051  -0.000185
1571  0.004075  -0.000184
1572  0.004012  -0.000183
1573  0.003991  -0.000183
1574  0.004034  -0.000182
1575  0.003979  -0.000181
1576  0.004007  -0.000181
1577  0.003949  -0.000180
1578  0.003997  -0.000179
1579  0.003995  -0.000178
1580  0.003986  -0.000178
1581  0.004015  -0.000177
1582  0.003997  -0.000176
1583  0.004073  -0.000176
1584  0.004067  -0.000175
1585  0.004004  -0.000174
1586  0.004051  -0.000173
1587  0.004031  -0.000173
1588  0.004044  -0.000172
1589  0.004027  -0.000171
1590  0.003964  -0.000171
1591  0.003990  -0.000170
1592  0.003937  -0.000169
1593  0.003925  -0.000169
1594  0.003970  -0.000168
1595  0.003943  -0.000167
1596  0.003897  -0.000167
1597  0.003877  -0.000166
1598  0.003896  -0.000165
1599  0.003907  -0.000165
1600  0.003855  -0.000164
1601  0.003907  -0.000163
1602  0.003910  -0.000163
1603  0.003906  -0.000162
1604  0.003948  -0.000162
1605  0.003989  -0.000161
1606  0.004007  -0.000160
1607  0.003985  -0.000160
1608  0.003976  -0.000159
1609  0.003998  -0.000158
1610  0.003995  -0.000158
1611  0.003928  -0.000157
1612  0.003927  -0.000156
1613  0.003956  -0.000156
1614  0.003929  -0.000155
1615  0.003895  -0.000155
1616  0.003888  -0.000154
1617  0.003926  -0.000153
1618  0.003981  -0.000153
1619  0.003973  -0.000152
1620  0.003904  -0.000152
1621  0.003981  -0.000151
1622  0.003958  -0.000150
1623  0.003989  -0.000150
1624  0.003931  -0.000149
1625  0.003919  -0.000149
1626  0.003998  -0.000148
1627  0.003974  -0.000147
1628  0.003949  -0.000147
1629  0.003916  -0.000146
1630  0.003949  -0.000146
1631  0.003892  -0.000145
1632  0.003933  -0.000145
1633  0.003878  -0.000144
1634  0.003908  -0.000143
1635  0.003970  -0.000143
1636  0.003902  -0.000142
1637  0.003925  -0.000142
1638  0.003957  -0.000141
1639  0.003977  -0.000141
1640  0.003995  -0.000140
1641  0.003979  -0.000140
1642  0.003970  -0.000139
1643  0.003997  -0.000138
1644  0.003983  -0.000138
1645  0.003925  -0.000137
1646  0.004003  -0.000137
1647  0.003944  -0.000136
1648  0.003936  -0.000136
1649  0.003988  -0.000135
1650  0.003981  -0.000135
1651  0.004009  -0.000134
1652  0.004014  -0.000134
1653  0.003954  -0.000133
1654  0.003939  -0.000132
1655  0.004003  -0.000132
1656  0.003993  -0.000131
1657  0.004077  -0.000131
1658  0.004014  -0.000130
1659  0.004042  -0.000130
1660  0.004067  -0.000129
1661  0.004004  -0.000129
1662  0.004035  -0.000128
1663  0.004061  -0.000128
1664  0.004000  -0.000127
1665  0.003989  -0.000127
1666  0.004039  -0.000126
1667  0.004060  -0.000126
1668  0.003998  -0.000125
1669  0.004018  -0.000125
1670  0.004014  -0.000124
1671  0.003980  -0.000124
1672  0.004040  -0.000123
1673  0.004026  -0.000123
1674  0.004108  -0.000122
1675  0.004043  -0.000122
1676  0.004066  -0.000121
1677  0.004071  -0.000121
1678  0.004039  -0.000120
1679  0.004015  -0.000120
1680  0.004049  -0.000119
1681  0.004000  -0.000119
1682  0.003995  -0.000118
1683  0.004054  -0.000118
1684  0.004080  -0.000117
1685  0.004019  -0.000117
1686  0.004060  -0.000116
1687  0.004098  -0.000116
1688  0.004123  -0.000115
1689  0.004048  -0.000115
1690  0.004028  -0.000115
1691  0.004108  -0.000114
1692  0.004034  -0.000114
1693  0.004019  -0.000113
1694  0.004103  -0.000113
1695  0.004037  -0.000112
1696  0.004021  -0.000112
1697  0.004015  -0.000111
1698  0.004004  -0.000111
1699  0.004029  -0.000110
1700  0.004004  -0.000110
1701  0.003944  -0.000110
1702  0.003977  -0.000109
1703  0.003949  -0.000109
1704  0.003978  -0.000108
1705  0.003923  -0.000108
1706  0.003972  -0.000107
1707  0.003969  -0.000107
1708  0.003962  -0.000107
1709  0.003992  -0.000106
1710  0.003976  -0.000106
1711  0.004053  -0.000105
1712  0.004031  -0.000105
1713  0.003975  -0.000104
1714  0.004031  -0.000104
1715  0.004018  -0.000104
1716  0.004036  -0.000103
1717  0.004052  -0.000103
1718  0.004025  -0.000102
1719  0.004126  -0.000102
1720  0.004093  -0.000102
1721  0.004030  -0.000101
1722  0.004107  -0.000101
1723  0.004076  -0.000100
1724  0.004015  -0.000100
1725  0.004059  -0.000099
1726  0.004081  -0.000099
1727  0.004060  -0.000099
1728  0.003997  -0.000098
1729  0.004036  -0.000098
1730  0.003976  -0.000097
1731  0.004043  -0.000097
1732  0.004063  -0.000097
1733  0.004001  -0.000096
1734  0.004038  -0.000096
1735  0.004022  -0.000096
1736  0.004100  -0.000095
1737  0.004027  -0.000095
1738  0.004043  -0.000094
1739  0.004091  -0.000094
1740  0.004039  -0.000094
1741  0.004041  -0.000093
1742  0.004075  -0.000093
1743  0.004009  -0.000092
1744  0.004002  -0.000092
1745  0.004054  -0.000092
1746  0.004025  -0.000091
1747  0.004065  -0.000091
1748  0.004043  -0.000091
1749  0.004022  -0.000090
1750  0.004012  -0.000090
1751  0.004084  -0.000090
1752  0.004042  -0.000089
1753  0.004042  -0.000089
1754  0.004079  -0.000088
1755  0.004064  -0.000088
1756  0.004122  -0.000088
1757  0.004103  -0.000087
1758  0.004074  -0.000087
1759  0.004135  -0.000087
1760  0.004143  -0.000086
1761  0.004086  -0.000086
1762  0.004114  -0.000086
1763  0.004130  -0.000085
1764  0.004153  -0.000085
1765  0.004086  -0.000085
1766  0.004081  -0.000084
1767  0.004110  -0.000084
1768  0.004129  -0.000083
1769  0.004065  -0.000083
1770  0.004090  -0.000083
1771  0.004033  -0.000082
1772  0.004022  -0.000082
1773  0.004113  -0.000082
1774  0.004074  -0.000081
1775  0.004152  -0.000081
1776  0.004086  -0.000081
1777  0.004064  -0.000080
1778  0.004121  -0.000080
1779  0.004103  -0.000080
1780  0.004127  -0.000079
1781  0.004165  -0.000079
1782  0.004086  -0.000079
1783  0.004222  -0.000079
1784  0.004151  -0.000078
1785  0.004170  -0.000078
1786  0.004160  -0.000078
1787  0.004177  -0.000077
1788  0.004111  -0.000077
1789  0.004144  -0.000077
1790  0.004135  -0.000076
1791  0.004117  -0.000076
1792  0.004201  -0.000076
1793  0.004173  -0.000075
1794  0.004216  -0.000075
1795  0.004144  -0.000075
1796  0.004125  -0.000074
1797  0.004144  -0.000074
1798  0.004194  -0.000074
1799  0.004126  -0.000073
1800  0.004187  -0.000073
1801  0.004151  -0.000073
1802  0.004223  -0.000073
1803  0.004152  -0.000072
1804  0.004117  -0.000072
1805  0.004188  -0.000072
1806  0.004118  -0.000071
1807  0.004093  -0.000071
1808  0.004168  -0.000071
1809  0.004150  -0.000070
1810  0.004085  -0.000070
1811  0.004085  -0.000070
1812  0.004054  -0.000070
1813  0.004042  -0.000069
1814  0.004128  -0.000069
1815  0.004092  -0.000069
1816  0.004039  -0.000068
1817  0.004089  -0.000068
1818  0.004077  -0.000068
1819  0.004155  -0.000068
1820  0.004078  -0.000067
1821  0.004060  -0.000067
1822  0.004088  -0.000067
1823  0.004026  -0.000067
1824  0.004001  -0.000066
1825  0.004024  -0.000066
1826  0.004020  -0.000066
1827  0.004016  -0.000065
1828  0.004054  -0.000065
1829  0.003996  -0.000065
1830  0.003987  -0.000065
1831  0.004065  -0.000064
1832  0.004015  -0.000064
1833  0.004090  -0.000064
1834  0.004067  -0.000064
1835  0.004006  -0.000063
1836  0.004041  -0.000063
1837  0.004031  -0.000063
1838  0.004022  -0.000063
1839  0.004080  -0.000062
1840  0.004051  -0.000062
1841  0.004027  -0.000062
1842  0.004076  -0.000062
1843  0.004098  -0.000061
1844  0.004118  -0.000061
1845  0.004062  -0.000061
1846  0.004088  -0.000061
1847  0.004073  -0.000060
1848  0.004050  -0.000060
1849  0.004041  -0.000060
1850  0.004007  -0.000060
1851  0.003972  -0.000059
1852  0.004005  -0.000059
1853  0.004010  -0.000059
1854  0.004044  -0.000059
1855  0.003980  -0.000058
1856  0.004015  -0.000058
1857  0.004006  -0.000058
1858  0.004053  -0.000058
1859  0.004091  -0.000058
1860  0.004028  -0.000057
1861  0.004123  -0.000057
1862  0.004103  -0.000057
1863  0.004144  -0.000057
1864  0.004075  -0.000056
1865  0.004060  -0.000056
1866  0.004119  -0.000056
1867  0.004099  -0.000056
1868  0.004069  -0.000055
1869  0.004166  -0.000055
1870  0.004115  -0.000055
1871  0.004081  -0.000055
1872  0.004151  -0.000055
1873  0.004184  -0.000054
1874  0.004164  -0.000054
1875  0.004130  -0.000054
1876  0.004118  -0.000054
1877  0.004096  -0.000053
1878  0.004082  -0.000053
1879  0.004020  -0.000053
1880  0.004019  -0.000053
1881  0.004014  -0.000053
1882  0.004036  -0.000052
1883  0.004030  -0.000052
1884  0.004062  -0.000052
1885  0.003999  -0.000052
1886  0.004059  -0.000051
1887  0.004023  -0.000051
1888  0.004101  -0.000051
1889  0.004076  -0.000051
1890  0.004004  -0.000051
1891  0.004088  -0.000050
1892  0.004022  -0.000050
1893  0.004000  -0.000050
1894  0.004052  -0.000050
1895  0.004046  -0.000050
1896  0.003999  -0.000049
1897  0.004019  -0.000049
1898  0.004032  -0.000049
1899  0.004005  -0.000049
1900  0.003951  -0.000049
1901  0.003984  -0.000048
1902  0.003958  -0.000048
1903  0.003952  -0.000048
1904  0.003936  -0.000048
1905  0.003885  -0.000048
1906  0.003895  -0.000048
1907  0.003884  -0.000047
1908  0.003911  -0.000047
1909  0.003868  -0.000047
1910  0.003856  -0.000047
1911  0.003854  -0.000047
1912  0.003922  -0.000046
1913  0.003945  -0.000046
1914  0.003880  -0.000046
1915  0.003948  -0.000046
1916  0.003991  -0.000046
1917  0.004021  -0.000046
1918  0.004010  -0.000045
1919  0.004004  -0.000045
1920  0.004031  -0.000045
1921  0.004017  -0.000045
1922  0.003949  -0.000045
1923  0.003971  -0.000044
1924  0.003967  -0.000044
1925  0.003910  -0.000044
1926  0.003917  -0.000044
1927  0.003904  -0.000044
1928  0.003897  -0.000044
1929  0.003992  -0.000043
1930  0.003934  -0.000043
1931  0.003918  -0.000043
1932  0.003918  -0.000043
1933  0.003991  -0.000043
1934  0.003982  -0.000043
1935  0.004008  -0.000042
1936  0.003948  -0.000042
1937  0.003936  -0.000042
1938  0.004017  -0.000042
1939  0.003996  -0.000042
1940  0.003982  -0.000042
1941  0.003990  -0.000041
1942  0.003932  -0.000041
1943  0.003961  -0.000041
1944  0.004023  -0.000041
1945  0.004007  -0.000041
1946  0.003945  -0.000041
1947  0.004013  -0.000040
1948  0.003967  -0.000040
1949  0.004022  -0.000040
1950  0.004002  -0.000040
1951  0.004031  -0.000040
1952  0.004080  -0.000040
1953  0.004057  -0.000039
1954  0.003995  -0.000039
1955  0.004023  -0.000039
1956  0.003994  -0.000039
1957  0.004074  -0.000039
1958  0.004053  -0.000039
1959  0.004033  -0.000038
1960  0.004060  -0.000038
1961  0.004092  -0.000038
1962  0.004027  -0.000038
1963  0.004026  -0.000038
1964  0.004024  -0.000039
1965  0.004047  -0.000038
1966  0.004104  -0.000037
1967  0.004030  -0.000037
1968  0.004014  -0.000037
1969  0.004046  -0.000037
1970  0.004021  -0.000037
1971  0.004102  -0.000037
1972  0.004080  -0.000037
1973  0.004055  -0.000036
1974  0.004078  -0.000036
1975  0.004016  -0.000036
1976  0.004045  -0.000036
1977  0.004068  -0.000036
1978  0.003995  -0.000036
1979  0.004006  -0.000035
1980  0.004059  -0.000035
1981  0.003989  -0.000035
1982  0.004027  -0.000035
1983  0.004069  -0.000035
1984  0.004006  -0.000035
1985  0.003983  -0.000035
1986  0.004030  -0.000035
1987  0.004024  -0.000034
1988  0.003966  -0.000034
1989  0.004032  -0.000034
1990  0.004051  -0.000034
1991  0.003980  -0.000034
1992  0.004038  -0.000034
1993  0.004080  -0.000034
1994  0.004105  -0.000033
1995  0.004040  -0.000033
1996  0.003980  -0.000033
1997  0.004048  -0.000033
1998  0.004033  -0.000033
1999  0.003973  -0.000033
2000  0.003967  -0.000033
2001  0.003963  -0.000032
2002  0.003956  -0.000032
2003  0.004049  -0.000032
2004  0.004029  -0.000032
2005  0.003960  -0.000032
2006  0.004049  -0.000032
2007  0.004030  -0.000032
2008  0.004064  -0.000032
2009  0.004004  -0.000031
2010  0.004019  -0.000031
2011  0.004026  -0.000030
2012  0.004015  -0.000031
2013  0.004015  -0.000031
2014  0.004068  -0.000031
2015  0.004109  -0.000031
2016  0.004045  -0.000031
2017  0.004060  -0.000030
2018  0.004053  -0.000030
2019  0.004096  -0.000030
2020  0.004065  -0.000030
2021  0.004053  -0.000030
2022  0.004061  -0.000030
2023  0.004030  -0.000030
2024  0.004021  -0.000030
2025  0.004056  -0.000029
2026  0.004044  -0.000029
2027  0.004026  -0.000029
2028  0.004092  -0.000029
2029  0.004041  -0.000029
2030  0.004124  -0.000029
2031  0.004090  -0.000029
2032  0.004026  -0.000029
2033  0.004108  -0.000029
2034  0.004053  -0.000028
2035  0.004090  -0.000028
2036  0.004066  -0.000028
2037  0.004004  -0.000028
2038  0.004004  -0.000028
2039  0.003989  -0.000028
2040  0.004034  -0.000028
2041  0.003974  -0.000028
2042  0.004033  -0.000028
2043  0.004061  -0.000027
2044  0.003997  -0.000027
2045  0.004087  -0.000027
2046  0.004076  -0.000027
2047  0.004084  -0.000027
2048  0.004067  -0.000027
2049  0.004038  -0.000027
2050  0.004027  -0.000027
2051  0.004097  -0.000027
2052  0.004034  -0.000026
2053  0.004135  -0.000026
2054  0.004077  -0.000026
2055  0.004134  -0.000026
2056  0.004069  -0.000026
2057  0.004040  -0.000026
2058  0.004116  -0.000026
2059  0.004051  -0.000026
2060  0.004050  -0.000026
2061  0.004085  -0.000025
2062  0.004104  -0.000025
2063  0.004039  -0.000025
2064  0.004024  -0.000025
2065  0.004053  -0.000025
2066  0.004024  -0.000025
2067  0.004029  -0.000025
2068  0.004023  -0.000025
2069  0.004087  -0.000025
2070  0.004078  -0.000025
2071  0.004015  -0.000024
2072  0.004063  -0.000024
2073  0.004043  -0.000024
2074  0.004059  -0.000024
2075  0.004117  -0.000024
2076  0.004053  -0.000024
2077  0.004140  -0.000024
2078  0.004073  -0.000024
2079  0.004100  -0.000024
2080  0.004098  -0.000024
2081  0.004111  -0.000023
2082  0.004054  -0.000023
2083  0.004045  -0.000023
2084  0.004077  -0.000023
2085  0.004014  -0.000023
2086  0.004053  -0.000023
2087  0.004047  -0.000023
2088  0.004035  -0.000023
2089  0.004124  -0.000023
2090  0.004088  -0.000023
2091  0.004091  -0.000023
2092  0.004126  -0.000022
2093  0.004059  -0.000022
2094  0.004119  -0.000022
2095  0.004103  -0.000022
2096  0.004061  -0.000022
2097  0.004127  -0.000022
2098  0.004114  -0.000022
2099  0.004138  -0.000022
2100  0.004104  -0.000022
2101  0.004027  -0.000022
2102  0.004106  -0.000022
2103  0.004083  -0.000021
2104  0.004011  -0.000021
2105  0.004064  -0.000021
2106  0.004080  -0.000021
2107  0.004010  -0.000021
2108  0.004052  -0.000021
2109  0.004043  -0.000021
2110  0.003982  -0.000021
2111  0.004076  -0.000021
2112  0.004013  -0.000021
2113  0.003994  -0.000021
2114  0.004078  -0.000021
2115  0.004015  -0.000020
2116  0.004096  -0.000020
2117  0.004032  -0.000020
2118  0.004047  -0.000020
2119  0.004082  -0.000020
2120  0.004018  -0.000020
2121  0.004046  -0.000020
2122  0.004053  -0.000020
2123  0.004015  -0.000020
2124  0.004042  -0.000020
2125  0.003977  -0.000020
2126  0.003964  -0.000020
2127  0.003960  -0.000019
2128  0.004050  -0.000019
2129  0.004042  -0.000019
2130  0.003980  -0.000019
2131  0.004072  -0.000019
2132  0.004041  -0.000019
2133  0.004077  -0.000019
2134  0.004012  -0.000019
2135  0.003998  -0.000019
2136  0.004088  -0.000019
2137  0.004022  -0.000019
2138  0.004002  -0.000019
2139  0.004064  -0.000019
2140  0.004136  -0.000018
2141  0.004160  -0.000018
2142  0.004124  -0.000018
2143  0.004107  -0.000018
2144  0.004097  -0.000018
2145  0.004079  -0.000018
2146  0.004071  -0.000018
2147  0.004126  -0.000018
2148  0.004152  -0.000018
2149  0.004084  -0.000018
2150  0.004107  -0.000018
2151  0.004100  -0.000019
2152  0.004178  -0.000018
2153  0.004164  -0.000018
2154  0.004125  -0.000017
2155  0.004124  -0.000017
2156  0.004058  -0.000017
2157  0.004046  -0.000017
2158  0.004135  -0.000017
2159  0.004111  -0.000017
2160  0.004146  -0.000017
2161  0.004079  -0.000017
2162  0.004091  -0.000017
2163  0.004127  -0.000017
2164  0.004061  -0.000017
2165  0.004084  -0.000017
2166  0.004083  -0.000017
2167  0.004058  -0.000017
2168  0.004048  -0.000016
2169  0.004053  -0.000016
2170  0.004076  -0.000016
2171  0.004011  -0.000016
2172  0.004066  -0.000016
2173  0.004063  -0.000016
2174  0.004125  -0.000016
2175  0.004059  -0.000016
2176  0.004048  -0.000016
2177  0.004091  -0.000016
2178  0.004123  -0.000016
2179  0.004056  -0.000016
2180  0.004091  -0.000016
2181  0.004026  -0.000016
2182  0.004048  -0.000016
2183  0.004100  -0.000015
2184  0.004068  -0.000015
2185  0.003996  -0.000015
2186  0.004053  -0.000015
2187  0.004040  -0.000015
2188  0.004121  -0.000015
2189  0.004055  -0.000015
2190  0.004085  -0.000015
2191  0.004081  -0.000015
2192  0.004105  -0.000015
2193  0.004040  -0.000015
2194  0.004079  -0.000015
2195  0.004073  -0.000015
2196  0.004059  -0.000015
2197  0.004144  -0.000015
2198  0.004078  -0.000014
2199  0.004112  -0.000015
2200  0.004146  -0.000014
2201  0.004112  -0.000014
2202  0.004166  -0.000014
2203  0.004097  -0.000014
2204  0.004074  -0.000014
2205  0.004119  -0.000014
2206  0.004130  -0.000014
2207  0.004153  -0.000014
2208  0.004102  -0.000014
2209  0.004039  -0.000014
2210  0.004116  -0.000014
2211  0.004050  -0.000014
2212  0.004026  -0.000014
2213  0.004108  -0.000014
2214  0.004088  -0.000014
2215  0.004014  -0.000014
2216  0.004060  -0.000014
2217  0.004051  -0.000013
2218  0.003991  -0.000013
2219  0.004083  -0.000013
2220  0.004021  -0.000013
2221  0.004000  -0.000013
2222  0.004049  -0.000013
2223  0.004058  -0.000013
2224  0.004100  -0.000013
2225  0.004034  -0.000013
2226  0.004051  -0.000013
2227  0.004087  -0.000013
2228  0.004024  -0.000013
2229  0.004037  -0.000013
2230  0.004057  -0.000013
2231  0.004018  -0.000013
2232  0.004044  -0.000013
2233  0.003981  -0.000013
2234  0.003967  -0.000013
2235  0.003963  -0.000013
2236  0.004053  -0.000012
2237  0.004042  -0.000012
2238  0.004015  -0.000012
2239  0.004073  -0.000012
2240  0.004041  -0.000012
2241  0.004077  -0.000012
2242  0.004111  -0.000012
2243  0.004123  -0.000012
2244  0.004142  -0.000012
2245  0.004151  -0.000012
2246  0.004080  -0.000012
2247  0.004065  -0.000012
2248  0.004085  -0.000012
2249  0.004069  -0.000012
2250  0.004008  -0.000012
2251  0.003996  -0.000012
2252  0.004037  -0.000012
2253  0.004073  -0.000012
2254  0.004057  -0.000012
2255  0.004087  -0.000012
2256  0.004058  -0.000011
2257  0.004039  -0.000011
2258  0.004064  -0.000011
2259  0.004001  -0.000011
2260  0.004031  -0.000011
2261  0.004031  -0.000011
2262  0.004021  -0.000011
2263  0.004044  -0.000011
2264  0.004064  -0.000011
2265  0.004037  -0.000011
2266  0.003968  -0.000011
2267  0.004027  -0.000011
2268  0.004075  -0.000011
2269  0.004100  -0.000011
2270  0.004037  -0.000011
2271  0.004052  -0.000011
2272  0.004077  -0.000011
2273  0.004005  -0.000011
2274  0.004048  -0.000011
2275  0.004073  -0.000011
2276  0.004054  -0.000011
2277  0.004036  -0.000011
2278  0.004004  -0.000011
2279  0.004009  -0.000010
2280  0.003950  -0.000010
2281  0.003942  -0.000010
2282  0.003981  -0.000010
2283  0.003924  -0.000010
2284  0.004036  -0.000010
2285  0.004006  -0.000010
2286  0.003938  -0.000010
2287  0.004038  -0.000010
2288  0.004011  -0.000010
2289  0.004040  -0.000010
2290  0.004039  -0.000010
2291  0.003979  -0.000010
2292  0.004033  -0.000010
2293  0.004009  -0.000010
2294  0.003993  -0.000010
2295  0.004054  -0.000010
2296  0.004041  -0.000010
2297  0.004036  -0.000010
2298  0.004060  -0.000010
2299  0.004040  -0.000010
2300  0.004092  -0.000010
2301  0.004107  -0.000010
2302  0.004045  -0.000010
2303  0.004061  -0.000010
2304  0.004065  -0.000009
2305  0.004002  -0.000009
2306  0.004101  -0.000009
2307  0.004080  -0.000009
2308  0.004008  -0.000009
2309  0.004090  -0.000009
2310  0.004070  -0.000009
2311  0.004105  -0.000009
2312  0.004038  -0.000009
2313  0.004055  -0.000009
2314  0.004090  -0.000009
2315  0.004027  -0.000009
2316  0.004052  -0.000009
2317  0.004083  -0.000009
2318  0.004076  -0.000009
2319  0.004068  -0.000009
2320  0.004155  -0.000009
2321  0.004097  -0.000009
2322  0.004163  -0.000009
2323  0.004136  -0.000009
2324  0.004110  -0.000009
2325  0.004112  -0.000009
2326  0.004095  -0.000009
2327  0.004077  -0.000009
2328  0.004165  -0.000009
2329  0.004099  -0.000009
2330  0.004066  -0.000009
2331  0.004131  -0.000008
2332  0.004122  -0.000008
2333  0.004153  -0.000008
2334  0.004086  -0.000008
2335  0.004100  -0.000008
2336  0.004110  -0.000008
2337  0.004068  -0.000008
2338  0.004090  -0.000008
2339  0.004089  -0.000008
2340  0.004067  -0.000009
2341  0.004004  -0.000008
2342  0.004057  -0.000008
2343  0.004096  -0.000008
2344  0.004120  -0.000008
2345  0.004046  -0.000008
2346  0.004036  -0.000008
2347  0.004107  -0.000008
2348  0.004109  -0.000008
2349  0.004073  -0.000008
2350  0.004079  -0.000008
2351  0.004013  -0.000008
2352  0.004004  -0.000008
2353  0.004094  -0.000008
2354  0.004071  -0.000008
2355  0.004007  -0.000008
2356  0.004087  -0.000008
2357  0.004065  -0.000008
2358  0.004103  -0.000008
2359  0.004037  -0.000008
2360  0.004011  -0.000008
2361  0.004064  -0.000008
2362  0.004038  -0.000007
2363  0.004035  -0.000007
2364  0.004122  -0.000007
2365  0.004056  -0.000007
2366  0.004087  -0.000007
2367  0.004103  -0.000007
2368  0.004070  -0.000007
2369  0.004145  -0.000007
2370  0.004113  -0.000007
2371  0.004047  -0.000007
2372  0.004137  -0.000007
2373  0.004070  -0.000007
2374  0.004061  -0.000007
2375  0.004050  -0.000007
2376  0.004030  -0.000007
2377  0.004017  -0.000007
2378  0.004110  -0.000007
2379  0.004045  -0.000007
2380  0.004023  -0.000007
2381  0.004100  -0.000007
2382  0.004035  -0.000007
2383  0.004086  -0.000007
2384  0.004065  -0.000007
2385  0.004055  -0.000007
2386  0.004106  -0.000007
2387  0.004073  -0.000006
2388  0.004054  -0.000007
2389  0.004123  -0.000007
2390  0.004091  -0.000007
2391  0.004165  -0.000007
2392  0.004088  -0.000007
2393  0.004076  -0.000007
2394  0.004155  -0.000007
2395  0.004087  -0.000007
2396  0.004063  -0.000007
2397  0.004102  -0.000006
2398  0.004039  -0.000006
2399  0.004061  -0.000006
2400  0.004085  -0.000006
2401  0.004056  -0.000006
2402  0.004039  -0.000006
2403  0.004083  -0.000006
2404  0.004084  -0.000006
2405  0.004129  -0.000006
2406  0.004095  -0.000006
2407  0.004094  -0.000006
2408  0.004074  -0.000006
2409  0.004104  -0.000006
2410  0.004073  -0.000006
2411  0.004111  -0.000006
2412  0.004146  -0.000006
2413  0.004168  -0.000006
2414  0.004092  -0.000006
2415  0.004071  -0.000006
2416  0.004146  -0.000006
2417  0.004068  -0.000006
2418  0.004054  -0.000006
2419  0.004107  -0.000006
2420  0.004117  -0.000006
2421  0.004049  -0.000006
2422  0.004070  -0.000006
2423  0.004016  -0.000006
2424  0.003980  -0.000006
2425  0.004027  -0.000006
2426  0.003969  -0.000006
2427  0.003964  -0.000006
2428  0.004052  -0.000006
2429  0.003979  -0.000006
2430  0.003975  -0.000006
2431  0.004056  -0.000006
2432  0.004051  -0.000006
2433  0.004073  -0.000006
2434  0.004048  -0.000006
2435  0.003986  -0.000006
2436  0.004030  -0.000006
2437  0.004021  -0.000006
2438  0.004012  -0.000005
2439  0.004101  -0.000005
2440  0.004037  -0.000005
2441  0.004017  -0.000005
2442  0.004097  -0.000005
2443  0.004090  -0.000005
2444  0.004112  -0.000005
2445  0.004055  -0.000005
2446  0.004080  -0.000005
2447  0.004056  -0.000005
2448  0.004004  -0.000005
2449  0.004037  -0.000005
2450  0.003985  -0.000005
2451  0.004001  -0.000005
2452  0.003994  -0.000005
2453  0.003934  -0.000005
2454  0.003976  -0.000005
2455  0.003950  -0.000005
2456  0.003959  -0.000005
2457  0.003998  -0.000005
2458  0.003936  -0.000005
2459  0.003962  -0.000005
2460  0.003991  -0.000005
2461  0.004015  -0.000005
2462  0.003965  -0.000005
2463  0.003940  -0.000005
2464  0.003998  -0.000005
2465  0.004021  -0.000005
2466  0.003990  -0.000005
2467  0.003945  -0.000005
2468  0.003960  -0.000005
2469  0.003891  -0.000005
2470  0.003912  -0.000005
2471  0.003897  -0.000005
2472  0.003927  -0.000005
2473  0.003910  -0.000005
2474  0.003858  -0.000005
2475  0.003857  -0.000005
2476  0.003891  -0.000005
2477  0.003829  -0.000005
2478  0.003852  -0.000005
2479  0.003859  -0.000005
2480  0.003854  -1.003859
2481  0.003816  -0.867732
2482  0.003851  -0.423502
2483  0.003808  -0.143921
2484  0.003828  -0.005567
2485  0.003792  0.073644
2486  0.003792  0.096548
2487  0.003820  0.090740
2488  0.003770  0.078393
2489  0.003763  0.069865
2490  0.003794  0.066072
2491  0.003823  0.065013
2492  0.003860  0.065734
2493  0.003838  0.064963
2494  0.003905  0.061002
2495  0.003841  0.062261
2496  0.003899  0.063068
2497  0.003919  0.063725
2498  0.003964  0.059955
2499  0.003994  0.054403
2500  0.003924  0.051838
2501  0.003970  0.048682
2502  0.004000  0.045393
2503  0.003930  0.044252
2504  0.003968  0.042436
2505  0.003998  0.038557
2506  0.003936  0.037817
2507  0.003927  0.036486
2508  0.004008  0.033805
2509  0.003943  0.033075
2510  0.003937  0.032176
2511  0.004025  0.029685
2512  0.003963  0.029774
2513  0.003951  0.029017
2514  0.003946  0.027697
2515  0.003918  0.025497
2516  0.003901  0.023406
2517  0.003914  0.022187
2518  0.003899  0.021511
2519  0.003934  0.021146
2520  0.003882  0.020056
2521  0.003895  0.019034
2522  0.003864  0.018241
2523  0.003899  0.017363
2524  0.003834  0.016852
2525  0.003828  0.016126
2526  0.003839  0.016194
2527  0.003874  0.013639
2528  0.003821  0.013908
2529  0.003831  0.014362
2530  0.003828  0.014401
2531  0.003825  0.013886
2532  0.003894  0.012935
2533  0.003876  0.013121
2534  0.003913  0.012744
2535  0.003924  0.012519
2536  0.003920  0.011976
2537  0.004007  0.011022
2538  0.003934  0.010683
2539  0.003968  0.010111
2540  0.004019  0.009376
2541  0.003957  0.009066
2542  0.003946  0.008857
2543  0.004020  0.008336
2544  0.003949  0.008057
2545  0.003936  0.007566
2546  0.003941  0.007048
2547  0.003972  0.006732
2548  0.003945  0.006508
2549  0.003914  0.006093
2550  0.003902  0.005944
2551  0.003928  0.005840
2552  0.003872  0.005574
2553  0.003859  0.005297
2554  0.003888  0.005117
2555  0.003895  0.004923
2556  0.003829  0.004791
2557  0.003863  0.004586
2558  0.003846  0.004379
2559  0.003869  0.004369
2560  0.003851  0.004284
2561  0.003826  0.004072
2562  0.003816  0.003959
2563  0.003853  0.003896
2564  0.003852  0.003756
2565  0.003789  0.003618
2566  0.003822  0.003465
2567  0.003797  0.003289
2568  0.003820  0.003180
2569  0.003775  0.003129
2570  0.003790  0.002993
2571  0.003824  0.002979
2572  0.003773  0.002911
2573  0.003790  0.002793
2574  0.003823  0.002731
2575  0.003805  0.002640
2576  0.003815  0.002531
2577  0.003767  0.002441
2578  0.003759  0.002370
2579  0.003798  0.002326
2580  0.003803  0.002263
2581  0.003743  0.002191
2582  0.003773  0.002109
2583  0.003766  0.002071
2584  0.003777  0.002006
2585  0.003797  0.001960
2586  0.003834  0.001948
2587  0.003821  0.001944
2588  0.003879  0.001951
2589  0.003910  0.001882
2590  0.003844  0.001784
2591  0.003919  0.001699
2592  0.003879  0.001632
2593  0.003937  0.001556
2594  0.003892  0.001528
2595  0.003924  0.001510
2596  0.003964  0.001453
2597  0.003906  0.001428
2598  0.003932  0.001401
2599  0.003932  0.001343
2600  0.003896  0.001292
2601  0.003842  0.001256
2602  0.003863  0.001218
2603  0.003854  0.001202
2604  0.003888  0.001189
2605  0.003841  0.001162
2606  0.003872  0.001140
2607  0.003828  0.001111
2608  0.003831  0.001079
2609  0.003820  0.001065
2610  0.003812  0.001056
2611  0.003812  0.001038
2612  0.003792  0.001013
2613  0.003797  0.000994
2614  0.003820  0.000983
2615  0.003822  0.000958
2616  0.003771  0.000942
2617  0.003777  0.000931
2618  0.003777  0.000919
2619  0.003789  0.000903
2620  0.003821  0.000887
2621  0.003762  0.000882
2622  0.003764  0.000870
2623  0.003775  0.000851
2624  0.003763  0.000841
2625  0.003755  0.000832
2626  0.003761  0.000822
2627  0.003747  0.000808
2628  0.003748  0.000796
2629  0.003743  0.000785
2630  0.003732  0.000776
2631  0.003776  0.000766
2632  0.003728  0.000757
2633  0.003717  0.000748
2634  0.003713  0.000741
2635  0.003722  0.000733
2636  0.003707  0.000723
2637  0.003702  0.000717
2638  0.003713  0.000708
2639  0.003699  0.000701
2640  0.003696  0.000694
2641  0.003706  0.000687
2642  0.003749  0.000682
2643  0.003694  0.000676
2644  0.003698  0.000669
2645  0.003741  0.000663
2646  0.003696  0.000656
2647  0.003756  0.000650
2648  0.003764  0.000650
2649  0.003748  0.000646
2650  0.003803  0.000642
2651  0.003801  0.000636
2652  0.003785  0.000626
2653  0.003862  0.000621
2654  0.003807  0.000616
2655  0.003876  0.000609
2656  0.003823  0.000603
2657  0.003865  0.000597
2658  0.003874  0.000591
2659  0.003880  0.000591
2660  0.003839  0.000586
2661  0.003871  0.000580
2662  0.003881  0.000576
2663  0.003870  0.000571
2664  0.003828  0.000566
2665  0.003870  0.000562
2666  0.003818  0.000558
2667  0.003849  0.000554
2668  0.003837  0.000551
2669  0.003873  0.000548
2670  0.003941  0.000545
2671  0.003916  0.000544
2672  0.003861  0.000541
2673  0.003958  0.000537
2674  0.003889  0.000533
2675  0.003960  0.000529
2676  0.003895  0.000525
2677  0.003918  0.000523
2678  0.003973  0.000518
2679  0.003967  0.000516
2680  0.003956  0.000514
2681  0.003914  0.000510
2682  0.003933  0.000507
2683  0.003889  0.000505
2684  0.003883  0.000502
2685  0.003923  0.000498
2686  0.003887  0.000496
2687  0.003854  0.000493
2688  0.003834  0.000491
2689  0.003836  0.000488
2690  0.003870  0.000486
2691  0.003831  0.000484
2692  0.003813  0.000482
2693  0.003875  0.000479
2694  0.003855  0.000477
2695  0.003802  0.000474
2696  0.003815  0.000473
2697  0.003847  0.000470
2698  0.003829  0.000468
2699  0.003819  0.000466
2700  0.003848  0.000464
2701  0.003836  0.000462
2702  0.003784  0.000460
2703  0.003817  0.000458
2704  0.003756  0.000455
2705  0.003768  0.000453
2706  0.003795  0.000452
2707  0.003760  0.000449
2708  0.003763  0.000448
2709  0.003812  0.000446
2710  0.003793  0.000444
2711  0.003739  0.000443
2712  0.003790  0.000440
2713  0.003774  0.000438
2714  0.003719  0.000437
2715  0.003758  0.000434
2716  0.003710  0.000433
2717  0.003708  0.000431
2718  0.003757  0.000429
2719  0.003729  0.000428
2720  0.003707  0.000425
2721  0.003723  0.000424
2722  0.003736  0.000422
2723  0.003695  0.000421
2724  0.003699  0.000419
2725  0.003704  0.000418
2726  0.003722  0.000415
2727  0.003758  0.000414
2728  0.003745  0.000412
2729  0.003715  0.000411
2730  0.003700  0.000409
2731  0.003697  0.000408
2732  0.003723  0.000406
2733  0.003720  0.000405
2734  0.003764  0.000403
2735  0.003723  0.000402
2736  0.003718  0.000399
2737  0.003761  0.000398
2738  0.003733  0.000396
2739  0.003744  0.000395
2740  0.003721  0.000393
2741  0.003730  0.000392
2742  0.003766  0.000390
2743  0.003708  0.000389
2744  0.003741  0.000387
2745  0.003742  0.000385
2746  0.003745  0.000384
2747  0.003817  0.000383
2748  0.003805  0.000382
2749  0.003897  0.000379
2750  0.003876  0.000378
2751  0.003824  0.000376
2752  0.003775  0.000376
2753  0.003727  0.000374
2754  0.003708  0.000372
2755  0.003802  0.000371
2756  0.003752  0.000369
2757  0.003750  0.000368
2758  0.003835  0.000367
2759  0.003775  0.000365
2760  0.003813  0.000364
2761  0.003860  0.000362
2762  0.003808  0.000361
2763  0.003809  0.000360
2764  0.003906  0.000358
2765  0.003841  0.000356
2766  0.003861  0.000355
2767  0.003845  0.000354
2768  0.003866  0.000353
2769  0.003916  0.000351
2770  0.003926  0.000349
2771  0.003901  0.000348
2772  0.003887  0.000347
2773  0.003980  0.000346
2774  0.003965  0.000345
2775  0.003898  0.000342
2776  0.003951  0.000341
2777  0.003906  0.000340
2778  0.003983  0.000338
2779  0.003940  0.000338
2780  0.003917  0.000337
2781  0.003969  0.000334
2782  0.003992  0.000333
2783  0.003926  0.000332
2784  0.003942  0.000330
2785  0.003929  0.000329
2786  0.003952  0.000329
2787  0.003895  0.000326
2788  0.003879  0.000325
2789  0.003905  0.000324
2790  0.003966  0.000323
2791  0.003899  0.000322
2792  0.003928  0.000320
2793  0.003979  0.000319
2794  0.003912  0.000318
2795  0.003979  0.000316
2796  0.003916  0.000316
2797  0.003944  0.000314
2798  0.003984  0.000313
2799  0.003922  0.000311
2800  0.003953  0.000310
2801  0.003958  0.000310
2802  0.004014  0.000308
2803  0.004011  0.000306
2804  0.004019  0.000305
2805  0.004001  0.000304
2806  0.003987  0.000303
2807  0.004041  0.000302
2808  0.003999  0.000300
2809  0.004079  0.000299
2810  0.004014  0.000299
2811  0.004028  0.000297
2812  0.004055  0.000296
2813  0.003982  0.000294
2814  0.003952  0.000293
2815  0.004037  0.000292
2816  0.003975  0.000291
2817  0.003971  0.000290
2818  0.003999  0.000289
2819  0.004032  0.000287
2820  0.004000  0.000286
2821  0.003950  0.000285
2822  0.003932  0.000284
2823  0.003929  0.000284
2824  0.003925  0.000282
2825  0.003925  0.000281
2826  0.003930  0.000280
2827  0.003936  0.000278
2828  0.003898  0.000277
2829  0.003843  0.000276
2830  0.003870  0.000275
2831  0.003861  0.000274
2832  0.003855  0.000273
2833  0.003921  0.000272
2834  0.003901  0.000271
2835  0.003896  0.000270
2836  0.003949  0.000269
2837  0.003921  0.000268
2838  0.003901  0.000267
2839  0.003932  0.000266
2840  0.003921  0.000265
2841  0.003989  0.000264
2842  0.003918  0.000263
2843  0.003913  0.000262
2844  0.003975  0.000260
2845  0.003954  0.000259
2846  0.003923  0.000258
2847  0.003958  0.000257
2848  0.003953  0.000256
2849  0.003896  0.000255
2850  0.003986  0.000254
2851  0.003916  0.000253
2852  0.003891  0.000252
2853  0.003975  0.000251
2854  0.003915  0.000250
2855  0.003913  0.000249
2856  0.003958  0.000249
2857  0.003933  0.0002
